1
2
3
2
5
5
1
4
4
1
7
12
5
6
7
7
16
13
1
7
10
12
12
17
4
18
15
7
10
23
5
28
17
30
23
20
21
25
25
38
3
29
22
11
4
42
37
33
22
50
6
19
4
21
49
1
41
8
42
58
7
24
60
22
18
28
67
34
67
37
63
47
25
17
74
33
63
74
17
23
28
69
43
40
31
19
45
48
20
54
37
7
75
83
93
69
36
91
22
17
65
101
26
94
55
72
61
36
15
89
104
59
32
39
109
22
110
93
108
54
24
121
65
67
76
67
19
73
109
64
116
105
23
30
33
18
46
69
136
103
106
100
12
121
31
69
80
139
25
82
150
3
131
107
70
36
153
74
149
160
62
125
111
145
142
101
7
6
55
72
165
15
38
88
80
80
85
55
79
122
41
127
69
153
27
51
132
181
1
82
166
23
37
44
56
48
125
176
125
80
153
152
176
62
197
109
134
52
2
81
204
188
97
11
114
81
92
8
215
116
98
96
61
207
59
94
103
120
75
217
10
90
175
33
31
53
137
183
38
43
240
236
188
108
66
16
97
135
37
67
51
78
77
112
152
38
97
10
158
117
223
180
23
118
248
88
75
162
155
78
143
122
97
257
204
2
19
7
226
245
262
179
75
235
156
266
109
65
24
1
183
58
232
262
246
58
293
251
97
177
144
86
227
231
81
10
214
35
223
208
190
238
294
46
101
35
263
66
158
88
70
136
79
12
16
190
302
148
114
87
282
215
303
230
299
276
305
79
29
36
48
75
5
90
31
343
23
262
248
118
209
259
217
123
55
42
337
263
136
112
82
288
281
351
288
81
122
326
347
99
92
213
55
299
312
371
34
145
83
24
256
287
47
109
26
326
307
128
102
28
111
207
207
306
250
108
133
316
348
109
7
39
230
34
186
307
237
168
5
126
48
319
13
215
347
413
96
242
212
247
383
58
223
268
275
20
271
52
258
50
119
219
75
374
137
413
297
152
434
186
37
14
420
55
319
29
213
67
371
432
335
295
247
318
438
30
217
90
88
32
57
268
98
19
215
36
69
90
130
306
79
132
222
167
40
367
296
265
94
72
331
387
280
15
334
337
184
396
462
246
308
474
204
80
371
1
123
269
373
13
